Da -> (~a.~b.~c) + (~a.b.~c) = ~a . ~c
ab\c    0       1
00      1       0
01      1       0
10      0       0
11      0       0

Sa -> ~a . ~c
ab\c    0       1
00      1       0
01      1       0
10      0       0
11      0       0

Ra -> a
ab\c    0       1
00      0       0
01      0       0
10      1       1
11      1       1

Ta -> (~a . ~c) + a
ab\c    0       1
00      1       0
01      1       0
10      1       1
11      1       1



Sb -> ~b.c
ab\c    0       1
00      0       1
01      0       0
10      0       1
11      0       0

Rb -> (~a.b.c) + (a.b.~c)
ab\c    0       1
00      0       0
01      0       1
10      0       0
11      1       0

Jb -> ~b.c
ab\c    0       1
00      0       1
01      0       0
10      0       1
11      0       0

Kb -> (~a.b.c) + (a.b.~c)
ab\c    0       1
00      0       0
01      0       1
10      0       0
11      1       0