A   A+1     DA      JAKA        TA
0   1       1       1  0         1
0   0       0       0  0         0
0   1       1       1  0         1
0   0       0       0  0         0
1   0       0       0  1         1
1   0       0       0  1         1
1   0       0       0  1         1
1   0       0       0  1         1



B   B+1     SBRB       JBKB     TB
0   0       0  0       0  0      0    
0   1       1  0       1  0      1
1   1       0  0       0  0      0
1   0       0  1       0  1      1
0   0       0  0       0  0      0
0   1       1  0       1  0      1
1   0       0  1       0  1      1
1   1       0  0       0  0      0

