A)
    0   000    0 
    1   001    0 
    2   010    1 
    3   011    1 
    4   100    0 
    5   101    0 
    6   110    1 
    7   111    1 
B)
    0   000    0 
    1   001    1 
    2   010    0 
    3   011    1 
    4   100    0 
    5   101    1 
    6   110    0 
    7   111    1 
c) 
       0  0000   0
       1  0001   1
       2  0010   0
       3  0011   1
       4  0100   1
       5  0101   0
       6  0110   1
       7  0111   0
       8  1000   0
       9  1001   1
      10  1010   0
      11  1011   0
      12  1100   1
      13  1101   1
      14  1110   0
      15  1111   0
d) 
    0  0000   0
    1  0001   1
    2  0010   1
    3  0011   0
    4  0100   0
    5  0101   1
    6  0110   1
    7  0111   0
    8  1000   1
    9  1001   0
   10  1010   1
   11  1011   0
   12  1100   1
   13  1101   0
   14  1110   0
   15  1111   0
e) 
    0  0000   1
    1  0001   0
    2  0010   1
    3  0011   1
    4  0100   0
    5  0101   0
    6  0110   0
    7  0111   1
    8  1000   0
    9  1001   1
   10  1010   0
   11  1011   0
   12  1100   0
   13  1101   1
   14  1110   0
   15  1111   0